1
39.794968
19.923367
13.290203
10.216938
8.091939
6.949708
6.578111
5.856581
6.259828
5.961908
5.754576
5.721034
5.646445
5.598006
5.469672
5.488451
5.464461
5.231261
5.378197
5.133615
4.916385
4.861989
4.929281
4.851397
4.804539
4.783779
4.718593
4.725274
4.648292
4.762192
4.802883
4.869457
4.899339
4.896563
4.845980
4.558563
4.713157
4.734635
4.276133
4.744361
4.413460
4.814908
4.556513
4.408882
4.437721
4.344830
4.331882
4.265471
4.337214
4.314783
4.352184
4.323043
4.282074
4.285104
4.224126
4.212082
4.217916
4.070911
3.990518
4.061615
3.971798
3.908102
3.927853
3.939709
3.895406
3.852576
3.872961
3.791248
3.971109
6.233702
6.675893
8.429496
6.950043
7.949629
7.907274
7.898466
8.407754
9.254572
8.686226
8.272668
2
39.825298
10.176341
4.559664
2.882729
1.848036
3.380314
3.068796
1.293685
1.094551
1.038644
1.039064
1.030428
0.924186
0.878947
0.864073
0.813954
0.809496
0.889138
0.798254
0.719513
0.817659
0.775330
0.710426
0.727575
0.652779
0.737438
0.864742
0.850632
1.181923
0.796879
0.690314
1.362485
1.250972
0.607309
0.647689
0.617728
1.143115
0.622521
1.209665
0.603262
0.620707
0.561260
1.219343
0.517953
0.482075
0.491443
0.518710
0.569967
0.543135
0.506033
1.028548
0.572675
0.486490
0.492224
0.494772
0.437481
0.192693
0.457310
0.421658
1.361486
0.474810
0.691019
0.437232
0.468069
0.414650
0.435885
0.849602
1.560062
0.430701
0.620152
0.445683
0.344414
0.400551
0.535260
0.438855
0.377687
0.406614
0.276052
0.314600
0.237702
